torch.Size([128, 2]) 256
256
torch.Size([128]) 128
384
torch.Size([128]) 128
512
torch.Size([128]) 128
640
torch.Size([256, 128]) 32768
33408
torch.Size([256]) 256
33664
torch.Size([256]) 256
33920
torch.Size([256]) 256
34176
torch.Size([128, 256]) 32768
66944
torch.Size([128]) 128
67072
torch.Size([128]) 128
67200
torch.Size([128]) 128
67328
torch.Size([1, 128]) 128
67456
torch.Size([1]) 1
67457
total number of the model is 67457
None
(80000, 2)
(80000, 2) (80000,)
tensor([[ 0.5309, -0.5978],
        [-0.1800, -0.9895],
        [ 0.4494,  0.7951],
        ...,
        [ 0.1601,  0.2570],
        [ 0.2164, -0.5761],
        [ 0.1488, -0.0218]]) torch.Size([80000])
(20000, 2)
(20000, 2) (20000,)
tensor([[-0.5752, -0.2336],
        [ 0.4788,  0.3500],
        [-0.7221,  0.5018],
        ...,
        [-0.6687, -0.7968],
        [ 0.2633, -0.2173],
        [-0.3216,  0.9345]]) torch.Size([20000])
Epoch: 0, Loss: 291.575761 Test: Loss: 304.643013
Wall time: 3.241774
